54
35 34 18
104 81 48
99 8 91
5 5 9
71 3 50
22 10 109
25 0 62
52 45 108
55 26 82
101 17 51
48 24 66
44 38 2
54 49 80
8 4 3
49 26 60
36 3 67
20 15 88
59 24 43
40 21 14
109 28 36
62 15 97
85 76 66
98 78 10
55 28 44
33 14 26
12 1 88
31 28 74
99 60 34
74 70 6
83 3 49
52 27 48
14 5 12
98 89 33
97 56 16
31 7 28
47 26 9
66 49 12
52 25 55
59 7 69
73 0 5
97 25 47
92 38 85
38 16 65
88 57 46
53 29 20
7 5 92
48 14 92
74 28 47
97 92 16
92 78 60
61 33 48
48 46 49
106 54 103
54 24 64